num_data/meteo/air_temp/old/ta_day_A2010019.csv
NCOLS 66 
NROWS 52 
XLLCORNER 643471.783057812 
YLLCORNER 1491765.2352894 
CELLSIZE 1000 
NODATA_value -9999 
[rows 0 to 27 of 52, columns 0 to 62 of 66]
-9999.000000000000000 -9999 -9999 -9999 -9999 -9999 -9999 -9999 -9999 -9999 -9999 -9999 -9999 -9999 -9999 -9999 -9999 -9999 -9999 -9999 -9999 -9999 -9999 -9999 -9999 -9999 28.8347606855127 -9999 -9999 -9999 30.9172937496779 -9999 -9999 -9999 -9999 -9999 -9999 -9999 -9999 -9999 -9999 -9999 -9999 -9999 -9999 -9999 -9999 -9999 -9999 -9999 -9999 -9999 -9999 -9999 -9999 -9999 -9999 -9999 -9999 -9999 -9999 -9999 -9999
-9999 -9999 -9999 -9999 -9999 -9999 -9999 -9999 -9999 -9999 -9999 -9999 -9999 -9999 -9999 -9999 -9999 -9999 -9999 -9999 -9999 -9999 -9999 -9999 -9999 -9999 29.9795751708749 29.7240464002991 29.8004194774113 30.436226006449 31.4687742712409 32.3756120435511 -9999 -9999 -9999 -9999 -9999 -9999 -9999 -9999 -9999 -9999 -9999 -9999 -9999 -9999 -9999 -9999 -9999 -9999 -9999 -9999 -9999 -9999 -9999 -9999 -9999 -9999 28.7559469373668 28.710956816968 28.8958080419349 28.918495574474 28.9661685816512
-9999 -9999 -9999 -9999 -9999 -9999 -9999 -9999 -9999 -9999 -9999 -9999 -9999 -9999 -9999 -9999 -9999 -9999 -9999 -9999 -9999 -9999 -9999 -9999 -9999 30.5085906748563 29.764017151007 29.590505586913 29.6506629540905 30.4647173851544 31.55379464986 32.2628507782528 -9999 -9999 -9999 -9999 -9999 -9999 -9999 -9999 -9999 -9999 -9999 -9999 -9999 -9999 -9999 -9999 -9999 -9999 -9999 -9999 29.0037370475843 28.9016401073723 28.9725807854118 28.8241930499224 28.8964124832793 28.8877899504975 28.7452684275912 28.7144831049761 28.8991262011944 28.8992334943792 28.9399826034326
-9999 -9999 -9999 -9999 -9999 -9999 -9999 -9999 -9999 -9999 -9999 -9999 -9999 -9999 -9999 -9999 -9999 -9999 -9999 -9999 -9999 -9999 -9999 -9999 -9999 30.2623889459324 29.725838459728 29.6500544310507 29.8201692727982 30.5513017953773 31.530361943686 31.9447404903808 31.1294148142495 30.4572586617952 30.0821167227276 30.5638682889894 30.5485931505867 30.7505668263109 30.4842596021153 -9999 -9999 -9999 -9999 -9999 -9999 29.0023733824788 28.845205007326 28.7833708499966 28.892770264835 28.7943379287401 28.8074530746106 28.8787383196527 28.9385918008489 28.8687422476634 28.9437883810774 28.830768632334 28.8837425428445 28.8936987136621 28.8352598717055 28.8112510263673 29.0002639940531 29.0085092475668 29.0521928366168
-9999 -9999 -9999 -9999 -9999 -9999 -9999 -9999 -9999 -9999 -9999 -9999 -9999 -9999 -9999 -9999 -9999 -9999 -9999 -9999 -9999 -9999 -9999 -9999 -9999 30.6258504989495 30.0685650268973 29.640490745011 29.8920478874491 30.3958842311045 31.0581785830498 31.158676915859 30.2654773919473 29.548299802233 29.2358782118452 29.5904505482573 29.5266320006444 29.4892312846617 29.4176855442393 29.6189820034194 29.6917177211071 29.6562702079574 29.9452577486516 29.7004371486194 29.1516103143596 28.9243636094769 28.7023337046176 28.5758549022028 28.7407907580819 28.7109505395119 28.8308061752923 28.9057661373611 29.0014083775917 28.9356949985843 29.0218228353578 28.9634135185282 29.0208505910188 28.9499263421544 28.8582805051727 28.7186574793802 28.8407591973168 28.7847781594042 28.8091312547626
-9999 -9999 -9999 -9999 -9999 -9999 -9999 -9999 -9999 -9999 -9999 -9999 -9999 -9999 -9999 -9999 -9999 -9999 -9999 -9999 -9999 -9999 -9999 -9999 -9999 31.4665892029193 31.1097577407863 30.8747685810169 31.2231674696103 31.4911260882868 31.3551105649705 30.7867151825169 30.0632686399744 29.3458410126745 29.0745075669441 29.0536974328447 29.0906243799129 29.0481391344486 29.1331268942614 29.0478387646241 29.352610439295 29.7350670534725 30.2476137161091 30.0102016133864 29.6471940179679 29.2721578877198 28.8752883091778 28.8499187594417 28.8780846584764 28.8528550123866 28.8739176616656 28.9228167361395 28.9790211120756 28.8770290144225 28.9415153394892 28.9007752138881 28.9869659206063 28.9177743231802 28.8070517078886 28.685524902125 28.874931821797 28.7979811261473 28.8405618175264
-9999 -9999 -9999 -9999 -9999 -9999 -9999 -9999 -9999 -9999 -9999 -9999 -9999 -9999 -9999 -9999 -9999 -9999 -9999 -9999 -9999 -9999 -9999 -9999 -9999 31.6659426318872 31.4099015888029 31.1714450870926 31.2946074024917 31.2809789522201 31.0939898096604 30.6812573956387 30.0640349691168 29.3070665905721 29.1475294540509 29.1120730615195 29.1702681957124 29.1292872108364 29.2063066501589 29.1498680414627 29.4766359877716 29.8709901306644 30.1680484213435 29.9072387182424 29.4158707543769 29.0110655707178 28.6915468121457 28.9092478485376 29.0008604737294 28.995740224628 28.9707910051022 29.0374653508504 28.9532536042051 28.7934204710571 28.697188369912 28.6111380409062 28.7367200072706 28.6436185353468 28.5136131763904 28.4207989982845 28.7225810897231 28.688838980644 28.7671133423727
-9999 -9999 -9999 -9999 -9999 -9999 -9999 -9999 -9999 -9999 -9999 -9999 -9999 -9999 -9999 -9999 -9999 -9999 -9999 -9999 -9999 -9999 -9999 -9999 31.9708446789123 31.9721774561539 31.4718919672468 31.1870049102656 31.2954294692651 31.1477241856663 30.7832848312385 30.309405710333 29.7465014470161 28.9645141427451 28.9026463287152 28.9059178772088 29.081654112064 28.9484574493762 29.0455750056637 28.908375393051 29.2517501750343 29.5176309033087 29.647767207657 29.642383951281 29.3234634864909 29.0129225016712 28.9044756879943 29.1877738204743 29.3872231388994 29.484452726311 29.2194804005905 29.1530576383975 28.9465138467156 28.7168808483091 28.5963647891748 28.4689310881775 28.5869254988504 28.4606739355647 28.3803191329788 28.2490917650152 28.5637631017523 28.6022388568873 28.7774211234838
-9999 -9999 -9999 -9999 -9999 -9999 -9999 -9999 -9999 -9999 -9999 -9999 -9999 -9999 -9999 -9999 -9999 -9999 -9999 -9999 -9999 -9999 -9999 -9999 31.9875816050556 31.672705695045 31.1322580533223 31.0828012392655 31.2112059815884 30.8703375841892 30.4660017272354 30.0442564694056 29.9306714709543 29.5091689199349 29.3085870494075 29.1423716155422 29.1957496832415 29.0395949622716 29.1596005380888 29.0596719646725 29.3455310618528 29.5102139301957 29.5290859727798 29.4712407058637 29.1995221098503 28.8628356693382 28.7574484680237 29.1676497977479 29.2865485232644 29.3367877593093 29.0981055076623 28.9810978336471 28.8329187737998 28.6796647483757 28.5758021449788 28.3392258698113 28.3346533928538 28.1568979505992 28.1795751682953 27.9942572136211 28.1653681481792 28.1811239486682 28.4258428599165
-9999 -9999 -9999 -9999 -9999 -9999 -9999 -9999 -9999 -9999 -9999 -9999 -9999 -9999 -9999 -9999 -9999 -9999 -9999 -9999 -9999 -9999 -9999 -9999 32.5106267080288 32.1284081448247 31.4932995810359 31.3567576068587 31.4400559339992 31.0826248681416 30.5857108040028 30.1447576553204 29.978474199649 29.4951422209288 29.1453748226951 28.8167835082865 28.6437647327656 28.4528503392642 28.5938521429802 28.634891918277 29.0862270299131 29.2782778851456 29.2942728403203 29.3376496751989 29.1407141330528 28.8239971638909 28.6732869607071 29.1011999583694 29.2383096337717 29.2939189139623 29.0134968642443 28.9109431353198 28.7940633054069 28.7369364389425 28.6684430505577 28.4851632871131 28.4514446409001 28.308849156106 28.287591241609 28.051485300757 28.1924338865019 28.1854195411276 28.4142956152634
-9999 -9999 -9999 -9999 -9999 -9999 -9999 -9999 -9999 -9999 -9999 -9999 -9999 -9999 -9999 -9999 -9999 -9999 -9999 -9999 -9999 -9999 -9999 -9999 33.3403362725332 32.9740846559267 32.2751893307192 31.9619032249154 31.7482278370208 31.1292515605144 30.8423892242136 30.6135197702324 30.2856271500929 29.549405644853 29.0877762420665 28.7210964858127 28.509331247026 28.2663702038402 28.436296334314 28.7314027987886 29.1267522162951 29.258382227346 29.372766279315 29.3005269301095 29.2211020895586 28.905771397782 28.7162323043294 29.3087392225276 29.4379542146523 29.2999853304463 29.0348283820203 29.0262284269131 28.9516014027966 28.9654817367309 28.8570210064363 28.637723739162 28.6216050400009 28.3818913896538 28.1916550467761 27.9580578802755 28.0007743035828 27.9854105872712 28.1001625244202
-9999 -9999 -9999 -9999 -9999 -9999 -9999 -9999 -9999 -9999 -9999 -9999 -9999 -9999 -9999 -9999 -9999 -9999 -9999 -9999 -9999 -9999 -9999 33.2500435389319 32.7674227081089 32.4128163015269 31.8480902465172 31.4639651131023 31.2919620541283 30.6718058725659 30.701918825035 30.4924930047004 30.624094053354 30.1221488195803 29.5493599572128 29.1705849246542 28.9636360671831 28.725843113702 28.9346794823283 29.1213488452758 29.5749577329803 29.7179486731634 29.6680996436704 29.4885953041823 29.4067489141986 29.1739690993471 29.0392982998678 29.4948982147579 29.5992096066641 29.3676504809985 29.0080999651183 29.0159388457046 28.9277167350938 28.881304610111 28.7714615881104 28.2297643143467 28.4084078522492 28.4302295820107 28.3178265665496 28.1122445710876 28.1653950849366 28.1109273760506 -9999
-9999 -9999 -9999 -9999 -9999 -9999 -9999 -9999 -9999 -9999 -9999 -9999 -9999 -9999 -9999 -9999 -9999 -9999 -9999 -9999 -9999 -9999 32.5109658540398 31.9262053598008 30.9864071420135 30.3939659018385 30.2017032822045 29.9715752159826 29.5636600801685 29.0041782131247 29.6260098985462 29.7859545080604 30.2005277742561 30.3991351158873 29.8313645436758 29.8048952596538 29.7880926600569 29.6833321011453 29.9673124790539 30.1197069968339 30.367678243397 29.9929533529698 29.4114467130644 29.1929168232544 28.9778811704646 28.8350022359222 28.7883610099791 29.203247292105 29.612270576671 29.4318290800282 29.10684925882 29.1232491824475 29.060261385096 28.9740697359593 28.9343024421258 28.894512541828 29.0933092759121 29.0396796445688 28.8774968758888 28.6355487461959 28.7474787009756 28.6403720453674 28.5037231215486
-9999 -9999 -9999 -9999 -9999 -9999 -9999 -9999 -9999 -9999 -9999 -9999 -9999 -9999 -9999 -9999 -9999 -9999 -9999 -9999 -9999 33.5572910815533 33.5684469214068 33.3740772480948 32.7977845935718 32.3628542546003 31.3159881336806 30.5598821134679 29.0525524365312 27.6158528274385 27.7739714737561 28.2080456318765 28.9922710572114 29.4765268424276 29.0325632553994 29.4626508933007 30.0940622849041 30.29142539413 30.4554020807339 30.5660720755041 30.7474016554948 30.3210613003369 29.6169382138499 29.3042970680879 29.1096554705398 28.9709320595968 29.0256222865747 29.2844200814133 29.5770197068754 29.2465840334191 28.8722080002378 28.8438293092179 28.8130607781942 28.7946893567842 29.0171815392881 29.0777284504907 29.3455813039328 29.3469290356655 29.1484107960035 28.9111550623216 28.8637432595658 28.7279748528729 28.6318466790085
-9999 -9999 -9999 -9999 -9999 -9999 -9999 -9999 -9999 -9999 -9999 -9999 -9999 -9999 -9999 -9999 -9999 -9999 -9999 -9999 33.0031434422291 33.3355235416449 33.6132524453558 33.4853979010522 33.119029515252 32.6865722794453 32.2698852046071 31.5892261278214 29.0481934762472 26.5560529499252 25.5222790446 26.1444141041455 27.458644988242 28.1927319339147 28.4773262768077 28.9810451760297 29.7167453864135 30.0503418561576 30.2243825146995 30.3383584773984 30.7007375924632 30.7618698812746 30.1527317029025 29.6126156943676 29.3100729402606 28.9986995036018 28.9571563604432 29.3187545516347 29.7686879086186 29.3439547534161 29.0501919831369 28.9627561021905 28.8397423427073 28.8452991392857 29.0291491869714 29.1682578024061 29.394532198149 29.4825235368019 29.4526923271598 29.3404870854857 29.3000019803299 29.1573690668537 29.1133917666597
-9999 -9999 -9999 -9999 -9999 -9999 -9999 -9999 -9999 -9999 -9999 -9999 -9999 -9999 -9999 -9999 -9999 -9999 -9999 32.7132774879689 32.7339819190753 33.1819804085395 33.277182186541 33.5200543565746 33.2200489612066 33.1829298415368 33.3570562169153 32.7429123731816 30.1973169602853 26.6853319329387 24.953092511539 25.7026316022429 27.2507555829584 28.2144645308431 28.5627189609018 29.1478786751504 29.8805451906271 30.2160175813935 30.2391831849828 30.1317001446897 30.0681995522791 29.91020071117 29.5282641019106 29.3244943939759 29.1037256056294 28.9037253992684 29.0079399690477 29.4211703999066 29.8058678841772 29.4123041962056 29.2409289524862 29.1815638769633 29.0410811460117 28.936649733192 29.052480970353 29.2306305337175 29.3647536674832 29.4166685547963 29.4697580705121 29.4350350298242 29.4886541046379 29.3624370349774 29.275646473934
-9999 -9999 -9999 -9999 -9999 -9999 -9999 -9999 -9999 -9999 -9999 -9999 -9999 -9999 -9999 -9999 -9999 -9999 -9999 -9999 33.2393758769941 33.6011695281838 33.6468106890022 33.8666382572476 33.5323386694301 33.8455481698804 33.5320784918715 32.6861604498395 30.3382890459943 27.1320650292006 25.1487303964289 25.2344731430681 26.7948159784022 27.5026242243313 28.2251935347062 28.642591038382 29.4132710128267 30.0083493921175 29.8954883669421 29.553906810624 29.7809334866311 29.6563844193347 29.4546056549259 29.2717011521196 28.9930132933922 28.7572708292923 28.9468787590796 29.3224305671967 29.7382005794176 29.3345986019628 29.1983049413604 29.1290990073921 29.0454243702555 28.9486038360669 29.0169164493912 29.0442840342436 29.0827029529549 29.1087730639845 29.1610893460656 29.1538534176989 29.153831938947 29.1123849265333 29.0716679300267
26.9081160891712 27.3532075883867 27.24378723645 27.1565482390042 27.0752157148853 26.8241577693981 26.5148747149163 28.0711773732053 -9999 -9999 -9999 -9999 -9999 -9999 -9999 -9999 -9999 -9999 -9999 33.7632464342986 33.9821546506488 34.3618583658918 34.3897054027273 34.5676604497579 34.0039398515566 33.6828914749623 33.1178415926309 32.5620231166887 30.5242603246728 27.6254700121857 25.6322438100496 25.3630740114016 26.8037883958879 27.2541264280801 28.2939421562167 28.8703263248083 29.9474712319046 30.7256118501511 30.5047618612229 29.4873243132568 29.6616350435976 29.5919832213701 29.3575119740976 29.087020320145 28.6749303837532 28.5305704963696 29.2093991382885 29.2778089348297 29.7180954424486 29.5488413947183 29.4624228910372 29.4126102941897 29.2930341088403 28.8458321236442 28.936723597337 28.8414443302788 28.8198046164977 28.853625987555 28.8909780853736 28.8757526557215 28.8835449673589 28.852499192312 28.888246312944
27.0722649540013 27.3518044884967 27.3738316181757 27.31743593124 27.3284669093189 27.0778911893016 26.7087886227397 27.7631037053119 28.7758086405869 30.0022034949798 31.2598272850079 31.9948956886956 31.5283773216305 31.2015927783153 31.0095220857538 -9999 31.7051759266802 32.5099578869688 33.337707959057 34.0320562326804 34.1742620967336 34.4191759936672 34.2970662611229 34.3568160915871 33.626042093424 32.7663053189109 32.1807634007013 32.0373437048734 31.0329336720872 29.0540441361676 27.5702127635069 28.1935908166354 27.8682805496821 27.1360146825865 27.4723250346726 27.932570684798 28.5566941504136 29.5902527917787 29.3947862460361 28.3995342477619 28.4594464145404 28.7486216925239 28.8569837097731 28.7101572940635 28.3735037489635 28.4924908390732 29.3041147741465 29.5948860872791 29.970665561733 29.7784998055467 29.6293190704301 29.4937048543663 29.2828700706104 28.6948998773918 28.6226923802077 28.5907303733549 28.6015571453112 28.6491171967406 28.7032977471181 28.7258200531944 28.7106633148791 28.6972642345571 28.7475059114457
27.8368688978454 27.8606691586335 27.794300994696 27.7144024874247 27.7450903772976 27.2076557348787 27.00813615703 27.821286440425 28.535738178457 29.4345431494584 30.48765770324 31.4948800710405 31.0611530757627 30.5881435665394 30.5083747281937 30.784083106822 31.3073944003821 32.1943388351419 32.8349922531009 33.666629366601 33.998914907355 34.5120902144691 34.2496727845852 34.3004716652992 33.3372960414861 32.6131937945786 32.050455311705 32.0007337518881 31.792902302907 30.9020776593303 30.1231797038653 30.1375985064995 29.0307858718897 27.3767267550849 27.0854880190562 27.5223957471591 27.8415098830172 28.6461400084026 28.4920850167681 27.5996446027236 27.2210051894293 27.5177029880442 27.6438335917148 27.958979084404 28.0347244727132 28.3572224262168 29.1973024533678 29.6380091004095 30.0756268187419 29.8250371807399 29.5447847282681 29.2825935680534 29.0291819883226 28.4766492602359 28.3557887673435 28.275944835259 28.2814793808177 28.3269527880301 28.3927893325057 28.4743547587588 28.4305654544831 28.3522221064978 -9999
28.123213799974 28.3060535698198 28.2004953607617 28.1447623756123 28.1889189357614 27.7508527903354 27.8790426245186 28.6162759425945 29.4631174700942 30.3899960454259 30.948299318328 31.6340422672046 30.9339286803945 30.3468976289954 30.3905206704661 30.6854814336631 31.2145430652683 32.0672503693023 32.8622703354811 33.4045540361526 33.8665262904814 34.8467242237235 34.5699778061821 34.3251473199895 33.2151542848787 32.3784045329556 31.9263271932541 31.8782963088964 32.2084772819527 32.0429603386238 31.8452190874618 32.1609596473344 31.1659393777321 28.3956152185773 26.6920472855117 25.64737480694 26.195958575437 26.651653705401 26.9602221643006 26.5078601420226 26.5295542859197 27.0770751499345 27.2646092264446 27.5137756854918 27.8693971786674 28.2817580474048 28.8672080070171 29.1568132388045 29.6241763468302 29.4843081415921 29.3458365480768 29.0265197262508 28.8271341240331 28.499790608259 28.556895613614 28.5304013613517 28.5227668115596 28.4095971992688 28.4197785011424 28.4564748683214 28.4009350987635 28.2070128360931 -9999
29.8422206696208 29.9050416359617 29.7799425307355 29.6864213574476 29.6765310242984 29.045031348351 28.9188921346224 29.4867956377214 29.9772149426654 30.4513258601457 30.7628548794678 31.2493659820998 30.6507378934942 30.2197887820976 30.2997956410532 30.6782391682537 31.3096386834048 32.1834202081671 33.0163634174459 33.2684809470427 33.357811337297 34.0702986625427 34.0672985479757 33.8587351617326 33.014090513799 32.4118507698756 31.9989944908307 31.8340254275462 32.01983139781 32.1401690033436 32.3235006879775 32.6669118221625 31.8356243439559 28.2841771887104 25.780000007909 23.9001650209454 24.6774202847511 25.6330631273769 26.8655920703997 26.9520319246591 26.8436121136989 27.2263868588081 27.2375963739654 27.3718657223889 27.6854235965275 28.2547879130759 28.5781721965188 28.7759515432631 29.1324135118559 29.0594940300344 28.9735965032371 28.7179133155728 28.4949667718641 28.3836427446424 28.7497004890833 28.6353589654198 28.6285409304352 28.4871930399481 28.3508720089509 28.3164133794541 28.1693011074802 -9999 -9999
30.3649906107851 29.6808893456624 29.8265159155055 29.8183389951886 29.7669572570713 29.3386563744561 29.167611090365 29.7567824115856 30.3263722726995 30.4504934934222 30.7418190140086 31.108113138608 30.5132327630616 29.9961438731354 30.1123548385967 30.5305701746159 31.3090236514609 32.2688772261174 33.3299292001364 33.5809344899405 32.9646786290867 33.3212960397416 33.5249898727136 33.5949388228702 32.7798544044065 32.4035316891101 32.169571318627 32.1177058840208 32.2366249587892 32.3256180484817 32.5767593202063 33.0634696119288 32.7532719719165 29.4328605152175 26.1275476018703 24.1953406993586 25.9542380640074 27.4811106452443 28.0542021204401 28.257048772846 27.7386544437952 28.0511808994892 28.2295059943206 27.9070506844998 27.7020520586995 28.0298243498897 28.2794736533427 28.5250282187476 28.8049631956663 28.5570783689767 28.3602311217075 28.1228890481605 27.9561445680642 27.8857545974985 28.3612978805995 28.3770826959371 28.4864557745911 28.4502343044486 28.340452991238 28.3437049639712 28.2752051275184 -9999 -9999
30.6346082191015 29.6157040201248 29.4416130963201 29.0582623220352 28.9761436787082 28.6639964232454 28.5431546656489 29.1416911995972 29.544929502991 29.6460692492616 30.0673634458688 30.6086839209795 30.1547273888354 29.7517592718694 30.0878680127954 30.6436146209246 31.4243372241917 32.5592213809004 33.8693478656211 34.0905473295865 33.0950406248611 33.2521990908767 33.1495946918905 33.2187415263621 32.4607437301732 32.1245050864116 32.163391418184 32.2746046790853 32.4684555979434 32.5603264712525 32.859340799669 33.1693524834 33.2470595481813 30.8665242158429 26.6728046628863 24.6431632343525 27.5498843505085 29.2407314843625 29.0198998026025 28.8363848555458 28.2267665088302 28.4039058404528 28.5974102737296 28.1808635025705 27.504041705882 27.636936895411 27.9147148025775 28.2349343179216 28.476965358761 28.1600536035793 27.8784294572559 27.6928578925081 27.6269904731511 27.6916469186125 28.1532088449634 28.2688717576024 28.4008796926026 28.4763543908812 28.5177670897754 28.5161991019348 -9999 -9999 -9999
-9999 28.0437782577945 28.2054953892085 27.9997556171085 28.038886435929 28.1215258276442 28.1281728331569 28.4387678873891 28.637432674522 28.760431132768 29.1821390410645 29.9437427914762 29.7118919997558 29.4298688751603 29.9673690469747 30.6500527390653 31.4949025535096 32.9238290324085 34.7589535401046 34.6391760396301 33.0325002778716 32.8393585669296 32.4774387018363 32.5285542192761 31.7465733371191 31.736064421025 31.7990844826603 31.8866962081282 32.0182655242476 31.9247502657738 32.0079148766472 32.5496716043691 32.3488248506721 31.0677094223087 27.8063928917493 26.1357233747347 29.108125752949 30.7387714312621 29.7054927367001 29.006240832179 28.4006958626395 28.5370066011501 28.7970328931855 28.6663673166136 27.6196391907405 27.4613653040549 27.6969590141072 28.2864677553306 28.3144307837701 27.8949076072823 27.5513923824987 27.5637994369427 27.6130786105257 27.7205904394661 27.8605738980763 28.0863156612343 28.1618307314333 28.3040974646757 28.5196325354028 -9999 -9999 -9999 -9999
-9999 28.1953648337142 28.4271537357158 28.4032352577816 28.6471047911225 28.9633267140554 29.152897747 29.2368927467716 29.3773016602786 29.6164551081671 29.7119748978945 29.9682456614342 29.8163349174548 29.5904147418933 30.1693148443092 30.6517394692924 31.3708524688687 33.1404687036409 35.2755524580625 35.1832978469901 32.6313632553624 32.1166933149091 31.4573447289054 31.0443924601641 30.9696273761938 31.4940893992506 31.9708483164027 32.1925702738766 32.310977269596 32.1697472772752 31.9239846696692 32.0560752113214 31.861165109238 31.4134198425606 29.4029580628474 28.3728959925937 31.6344640545354 32.331137622124 30.6510860829615 29.3354668911649 28.5706374205884 28.5968350550724 28.8129782244922 28.9561050905847 28.153354521583 27.7123135169156 27.881399340463 28.2116208868029 28.1995197808612 27.8715694807725 27.2467945633109 27.0592362599272 27.1533158563554 27.34851509641 27.5204188231039 27.857110574821 27.9446429328379 28.1127747281753 28.3209555770293 -9999 -9999 -9999 -9999
-9999 28.6549355957653 29.1275951785179 29.2452240064322 29.7941631840331 30.403425921949 30.7463832894813 30.8311306582696 30.8564885108285 31.041993223631 31.1114706589628 30.9273105869706 30.4411597174355 30.0969712248215 30.4787077479581 30.9615377119638 31.671120819341 33.3416311364867 35.4980901253121 35.1730853703645 32.8890779981259 32.0486006966277 31.1895903579781 29.9764991644949 29.5206038351895 30.6703989320152 32.3643181501731 32.9768266986859 33.0976630880398 32.8017325689312 32.350706740841 32.1073067133214 31.2496106596377 30.0658632264587 28.5819781045373 27.6910185751418 31.8960999700458 32.9263741490163 31.8341214554836 30.8994965094655 29.490747136309 -9999 -9999 -9999 28.7295550424811 27.5700645771103 27.4092771939432 27.8248408191832 27.7200737889805 27.3113232293608 26.9263902755877 26.9036201584812 26.9908734534703 27.2247272504926 27.2331983945463 27.6494269419746 27.7425871629464 27.9109430971099 -9999 -9999 -9999 -9999 -9999
-9999 28.9163473627365 29.6272743875024 29.6071388651942 30.0801727975272 30.8312436137352 31.4575516690578 31.4585953716478 31.5066129409497 31.5362625878878 31.8906694377209 32.1334258989331 31.7470701464042 31.3100494164742 31.4760101829031 31.8644746195399 32.6681077169956 34.0410683598434 35.5555228994479 35.1544522999024 32.8654930013192 32.3088619884541 31.5699741022154 30.3554210280309 29.8475131393433 30.0804878406082 31.8608004327188 32.6849954562163 32.8711564486331 32.651762350546 32.1387879707175 31.7799836885465 30.8367709307095 29.6696598887822 29.0274072258265 29.3900717541073 32.9124535345627 35.0195038517014 34.3236393371014 33.6628745503801 32.2197402861447 30.7956643305034 -9999 -9999 -9999 -9999 -9999 -9999 -9999 -9999 -9999 -9999 26.7091509729422 26.967224364521 26.9510075069961 27.3719965786934 27.4609133642187 27.6344454824756 -9999 -9999 -9999 -9999 -9999
