num_data/meteo/air_temp/old/ta_day_A2010011.csv
NCOLS 66 
NROWS 52 
XLLCORNER 643471.783057812 
YLLCORNER 1491765.2352894 
CELLSIZE 1000 
NODATA_value -9999 
[rows 0 to 27 of 52, columns 0 to 63 of 66]
-9999.000000000000000 -9999 -9999 -9999 -9999 -9999 -9999 -9999 -9999 -9999 -9999 -9999 -9999 -9999 -9999 -9999 -9999 -9999 -9999 -9999 -9999 -9999 -9999 -9999 -9999 -9999 30.8643012762302 -9999 -9999 -9999 31.998921922964 -9999 -9999 -9999 -9999 -9999 -9999 -9999 -9999 -9999 -9999 -9999 -9999 -9999 -9999 -9999 -9999 -9999 -9999 -9999 -9999 -9999 -9999 -9999 -9999 -9999 -9999 -9999 -9999 -9999 -9999 -9999 -9999 -9999
-9999 -9999 -9999 -9999 -9999 -9999 -9999 -9999 -9999 -9999 -9999 -9999 -9999 -9999 -9999 -9999 -9999 -9999 -9999 -9999 -9999 -9999 -9999 -9999 -9999 -9999 31.5859575018844 31.4700788420106 31.5507394220866 31.5245673886547 32.1514706977628 32.2623848988471 -9999 -9999 -9999 -9999 -9999 -9999 -9999 -9999 -9999 -9999 -9999 -9999 -9999 -9999 -9999 -9999 -9999 -9999 -9999 -9999 -9999 -9999 -9999 -9999 -9999 -9999 29.0973387209256 29.0211902197303 29.014634128827 29.0238982475211 29.0056838023934 -9999
-9999 -9999 -9999 -9999 -9999 -9999 -9999 -9999 -9999 -9999 -9999 -9999 -9999 -9999 -9999 -9999 -9999 -9999 -9999 -9999 -9999 -9999 -9999 -9999 -9999 31.434426027766 31.7244372051104 31.6902731113886 31.7361752197296 31.902066233911 32.3966664323382 32.2399418461941 -9999 -9999 -9999 -9999 -9999 -9999 -9999 -9999 -9999 -9999 -9999 -9999 -9999 -9999 -9999 -9999 -9999 -9999 -9999 -9999 29.2936093223145 29.3298503273224 29.363806491501 29.2819824971642 29.2673818149812 29.2367643805813 29.1512084943957 29.0458002077844 29.0308391141349 29.0299168425455 29.0008151859186 -9999
-9999 -9999 -9999 -9999 -9999 -9999 -9999 -9999 -9999 -9999 -9999 -9999 -9999 -9999 -9999 -9999 -9999 -9999 -9999 -9999 -9999 -9999 -9999 -9999 -9999 32.3302721806591 32.2276320721481 32.1838496658034 32.2554830379111 32.4079463752821 32.766625695361 32.4756862504731 32.0470519294192 31.1462981973965 30.8363584807213 30.2936233275766 30.8392980270631 30.5212671250824 29.8722517880706 -9999 -9999 -9999 -9999 -9999 -9999 29.5921452313004 29.6820794540217 29.5534024874911 29.4857436986251 29.4644835775603 29.4589874388235 29.3558086543172 29.3300248300223 29.3901050024633 29.4542054914565 29.4039280734335 29.3249107973627 29.2869528066691 29.1710457109647 29.0175282219145 29.002007444181 29.004240408941 28.9722131482461 -9999
-9999 -9999 -9999 -9999 -9999 -9999 -9999 -9999 -9999 -9999 -9999 -9999 -9999 -9999 -9999 -9999 -9999 -9999 -9999 -9999 -9999 -9999 -9999 -9999 -9999 32.4307725697756 32.4728816653046 32.4410192868586 32.5133035637534 32.7200508840608 32.8541622131878 32.3756194981843 31.8320125430824 30.8115901856308 30.3443342815955 29.5403293091984 29.9330329771143 29.9024447680158 29.6753194422074 29.4604619158716 29.4956274560421 29.6184177924894 29.9359351607253 29.7635573833874 29.4337741627987 29.2792029341972 29.3802302271184 29.4960212117027 29.5195480944526 29.5303583167956 29.4884981025687 29.3640684250353 29.3197932360519 29.3397028861892 29.4320249184117 29.4458625727512 29.3963942700993 29.3679988127744 29.2218273664558 29.0791867617141 29.0683876033757 29.0464255945456 29.0145496296165 -9999
-9999 -9999 -9999 -9999 -9999 -9999 -9999 -9999 -9999 -9999 -9999 -9999 -9999 -9999 -9999 -9999 -9999 -9999 -9999 -9999 -9999 -9999 -9999 -9999 -9999 33.0829836180555 33.0145735644128 33.0389176872963 33.0780590952995 33.2973879900517 33.062462380709 32.4160232798076 31.8765728626549 30.9646841643254 30.7803061539442 30.5195764945877 30.3838142606399 30.2681075133288 30.3912982262099 30.3764647895941 30.4400684938006 30.4802513014503 30.6664030233812 30.5101428947742 30.0663613075139 29.4398454223077 29.4827933518298 29.6051836813928 29.502115620155 29.506667154295 29.493253272269 29.4213599419853 29.3314406020512 29.2925154084676 29.3281076976145 29.3095561694151 29.2573643960876 29.2616490668283 29.1041900487121 28.9559495011642 28.9843042651368 29.0005703665903 28.9947402665579 -9999
-9999 -9999 -9999 -9999 -9999 -9999 -9999 -9999 -9999 -9999 -9999 -9999 -9999 -9999 -9999 -9999 -9999 -9999 -9999 -9999 -9999 -9999 -9999 -9999 -9999 33.5690793119358 33.4382644866077 33.3743276331697 33.2274224338904 33.2360971529288 32.9464683742059 32.3171598168584 31.8030702190172 31.0156785479462 30.8586175655448 30.6305990955322 30.4270780304476 30.3150340229571 30.4531555178097 30.4933652295452 30.4935505872551 30.4830438309018 30.6197155697293 30.3677304394032 29.9093671891991 29.2881342744089 29.3107461429663 29.5981623804695 29.5880805369814 29.6185057705091 29.5569131047205 29.4201062194844 29.2335643466819 29.1317703357746 29.1222445431917 29.1053368074357 29.0675875556784 29.0965751739318 28.9527643229225 28.8334306956249 28.9317200998927 28.917115012613 28.9084472782823 -9999
-9999 -9999 -9999 -9999 -9999 -9999 -9999 -9999 -9999 -9999 -9999 -9999 -9999 -9999 -9999 -9999 -9999 -9999 -9999 -9999 -9999 -9999 -9999 -9999 34.1074486716967 33.9603400991935 33.8303493837355 33.7066891939686 33.5156931074756 33.297919116751 32.9347296726892 32.3679319224397 31.8920268902144 31.0118279355051 30.812441734987 30.6886901248105 30.4056389853773 30.2874153056075 30.4106303969622 30.4215774780746 30.5029015465999 30.4685818732271 30.3839625519515 30.2187500754317 29.8785755316201 29.5427387181355 29.622402315575 29.7625206717037 29.791006621982 29.8767097450161 29.7296933028149 29.5360618488208 29.3753227577793 29.251889092646 29.170496725007 29.0885480473372 29.0107322998368 29.0611050465202 28.9359779168611 28.7559871541609 28.8414958517845 28.8889172918672 28.9408546418824 -9999
-9999 -9999 -9999 -9999 -9999 -9999 -9999 -9999 -9999 -9999 -9999 -9999 -9999 -9999 -9999 -9999 -9999 -9999 -9999 -9999 -9999 -9999 -9999 -9999 34.3143603788983 34.1358823874255 34.026599881772 33.9071816749098 33.7471822117689 33.4612891040091 33.0712107755317 32.4886773458717 31.9314882016309 30.9233303073836 30.5951978617561 30.5236928083705 30.222061652152 30.1439715585088 30.262903622839 30.3129504942033 30.3458262483718 30.2666762174822 30.0300146782203 29.8342270095968 29.6554691804252 29.3959675691944 29.3761725265077 30.0471363244769 30.1219170077453 30.1444116940474 30.0146983801529 29.81058512116 29.6332750714082 29.574916076825 29.490410223565 29.1705655845712 29.0025640944775 29.038864956726 28.9083534376384 28.7098548212263 28.7290920828576 28.7299320023733 28.7577385163803 -9999
-9999 -9999 -9999 -9999 -9999 -9999 -9999 -9999 -9999 -9999 -9999 -9999 -9999 -9999 -9999 -9999 -9999 -9999 -9999 -9999 -9999 -9999 -9999 -9999 34.4240405462728 34.2798398187473 34.1559912481147 34.0381306416904 33.9178846036183 33.5932969805197 33.1366260766179 32.5037252422586 31.7368223609545 30.7336972983141 30.5339376719668 30.3470186363481 29.9721918079972 29.8532449024026 30.0641074260117 30.2842734232589 30.4539143398928 30.3154164195884 30.0214920714723 29.8575094517748 29.6345468071911 29.357050674989 29.3209147465315 29.9604490412544 30.0923892621098 30.0498373174191 29.9083177830609 29.7271300830313 29.6574175184852 29.6529435008189 29.5742441962983 29.2477480363015 29.0920413104029 29.1420031644019 28.9833350389895 28.7640514152903 28.7800503692032 28.7738542553848 28.786885343965 -9999
-9999 -9999 -9999 -9999 -9999 -9999 -9999 -9999 -9999 -9999 -9999 -9999 -9999 -9999 -9999 -9999 -9999 -9999 -9999 -9999 -9999 -9999 -9999 -9999 34.532736679221 34.1922523546102 34.0208773800707 33.8661135646539 33.8048339128143 33.3284109711881 32.7742629725584 32.2432657478408 31.6856682916027 31.354645630026 31.1297958866631 30.7835242001873 30.3777427533578 30.1724777451027 30.3123460541157 30.4557216749351 30.4915591774054 30.4114633144971 30.2223766482103 30.0560382419566 29.8723923303858 29.6514276309333 29.6348954694084 30.3636553471595 30.4505971613736 30.2906908507894 30.1057992685648 29.9284649758947 29.8181772910465 29.8537512105598 29.8015791498787 29.4640910295159 29.3127217325755 29.4540666703641 29.2278884943485 29.1174666858327 29.108780693133 29.0817080907824 29.147606477143 -9999
-9999 -9999 -9999 -9999 -9999 -9999 -9999 -9999 -9999 -9999 -9999 -9999 -9999 -9999 -9999 -9999 -9999 -9999 -9999 -9999 -9999 -9999 -9999 34.5897076452447 34.5088867544642 34.152429121761 34.0199435401409 33.818688284995 33.6979127360043 33.2037984193801 32.7314028553827 32.4154264603826 32.0650755243738 31.8877132923038 31.7371983421514 31.5416513851636 31.089524680139 30.9400242053159 31.0246136997494 31.1035639553525 31.2935541271769 31.216170005247 30.9793794440934 30.7383671003775 30.4935611411657 30.2745471577331 30.1693497041276 30.1773515798873 30.3189973363903 30.2314629967038 30.1157619088618 30.0098571476997 29.9419167973176 29.9911387572656 29.9568094621208 29.7397758187885 29.6115183388929 29.8249645420298 29.6239549937173 29.5100644583926 29.4976188012018 29.441178603011 -9999 -9999
-9999 -9999 -9999 -9999 -9999 -9999 -9999 -9999 -9999 -9999 -9999 -9999 -9999 -9999 -9999 -9999 -9999 -9999 -9999 -9999 -9999 -9999 34.3908731671511 33.9570309992982 33.5700615481637 33.0908668971989 32.9921633572437 32.7421651608968 32.5901205726817 32.4832388356767 32.6859308699037 32.4906129742005 32.5972544612953 32.6059412494616 32.5611528635095 32.5494911623576 32.2651833363125 32.1091781273843 31.9468913782712 31.9168820267626 32.0727108813928 31.8232529532627 31.5133963005346 31.1733709014003 30.83066001955 30.6242135238165 30.4832848566946 30.3540799418661 30.3775204286509 30.374228043725 30.4387942588697 30.3310815938483 30.1980117130847 30.2059282617389 30.1870656559167 30.0488555853561 29.8806811399561 30.1414364811345 30.0506236389503 29.9740571212533 29.9826109973624 29.8785912454144 29.7634929571059 -9999
-9999 -9999 -9999 -9999 -9999 -9999 -9999 -9999 -9999 -9999 -9999 -9999 -9999 -9999 -9999 -9999 -9999 -9999 -9999 -9999 -9999 35.1134086273349 34.7027322472614 34.409686182951 33.9639851309882 33.5502537295013 33.2339430604149 32.7879625271627 32.8191049563896 33.0121867169387 33.5145411456902 33.4772748647278 33.5682183059574 33.617753801322 33.6812615273746 33.78538795633 33.8156930378999 33.7208782705432 33.4999724143678 33.2527376868137 33.1342328120978 32.5108193810134 32.0118022202499 31.49061398619 31.078535360093 30.8275582554971 30.6767458291729 30.5385913675304 30.5308387792215 30.3573024249444 30.2115347426947 30.063722815616 29.8918237937006 29.8325767748417 29.8776721389284 29.8980145357808 29.9024716183836 30.2975583938744 30.268279961573 30.2228889095517 30.2338707177007 30.1295932894403 29.9820827350673 -9999
-9999 -9999 -9999 -9999 -9999 -9999 -9999 -9999 -9999 -9999 -9999 -9999 -9999 -9999 -9999 -9999 -9999 -9999 -9999 -9999 34.6312188924479 34.583441469419 34.4376538422852 34.3848925761794 34.1088023727994 33.9408314938099 33.866481577157 33.5108365138066 33.205874240429 33.6915279403664 34.4130459197947 34.5395143311267 34.6880863489694 34.5373260875382 34.5248930143292 34.7031359260083 34.5950121915771 34.4271931852583 33.9908087241678 33.6674304382608 33.4684442218383 32.7458006028714 32.1852560471055 31.559254033914 31.110932847793 30.8717713652738 30.7262565676876 30.6300849174259 30.6337434804694 30.5212119975336 30.3846755292671 30.2193665492432 29.9943314068924 29.8550236927704 29.9714714372536 29.9449482659845 29.9154065181365 30.2744580456596 30.3136897327424 30.3753619988664 30.4318333753868 30.2218159345718 30.1122958207144 30.056886356563
-9999 -9999 -9999 -9999 -9999 -9999 -9999 -9999 -9999 -9999 -9999 -9999 -9999 -9999 -9999 -9999 -9999 -9999 -9999 33.9174673020092 34.1096077258507 34.2535990999606 34.0951496133143 34.1182970986203 33.9545721357245 34.0652800767468 34.199941807435 34.1733302461914 34.1486037758518 34.3135331282893 34.7507918114782 34.867514405441 34.7475008392525 34.8014457192092 35.0467066608149 35.2566092398871 35.0134018389365 34.6878734667466 34.2278607828082 33.8169286325077 33.5048834476423 32.7253889482054 32.1623627925711 31.4817920843232 31.0703518241731 30.8706364278019 30.7543122039471 30.630885190476 30.5446893628011 30.5079792671677 30.3985260103769 30.2053435043084 29.9563251285462 29.7592082725624 29.8413772335747 29.8294591183229 29.8260946837498 30.1932302538052 30.2160507278279 30.2401257036331 30.3394317433061 30.1383893685009 30.0770655441849 30.0409854519045
-9999 -9999 -9999 -9999 -9999 -9999 -9999 -9999 -9999 -9999 -9999 -9999 -9999 -9999 -9999 -9999 -9999 -9999 -9999 -9999 34.6491803473337 34.7960386951675 34.66383571256 34.625656580935 34.7197440613405 35.0101718116939 35.0776979313075 34.9829887607317 35.0019993142637 34.8626986275269 34.934229838749 34.9255872855257 34.811333065338 34.9065091392597 35.1353678992824 35.5071036148063 35.1403116903904 34.6098114115887 34.0616678959504 33.5342380795297 33.3511281234434 32.5098559979212 32.0849510523143 31.311977222515 30.9229047291256 30.8768306037077 30.834475832691 30.8577301283849 30.7856473100951 30.730629414244 30.6131395309135 30.4152799622742 30.0903612804756 29.8077907174804 -9999 -9999 -9999 -9999 -9999 -9999 -9999 -9999 -9999 -9999
30.008903647782 30.3074821781285 30.4223271856432 30.3524194745672 30.5718718385164 30.8439696576859 31.4818850067041 31.7389965583075 -9999 -9999 -9999 -9999 -9999 -9999 -9999 -9999 -9999 -9999 -9999 34.0699942163562 34.5004330515579 34.7627163774036 34.7129867870667 34.6235043160781 35.1283548909139 35.5927575602237 35.6071295470169 35.520669933774 35.6443739429341 35.4846359680157 35.4892389208663 35.4335822378937 35.2792917112454 35.1935211263779 35.1559751028445 35.5107231379372 35.3298029599438 34.9236433281797 34.6360708583572 34.3116685848609 33.9588149971113 32.6492102355666 32.2015035529552 31.3218187104993 30.9221515057037 30.9559447658928 30.9298775199917 30.9899584680741 30.8711955129904 30.8124003701486 30.7251315874441 30.5512942495956 30.1691389059483 29.8419110067988 29.7545095378573 29.7263708350102 29.8663315924054 30.0592046709409 29.9567653974874 -9999 -9999 -9999 -9999 -9999
29.9088243683507 30.2027444464546 30.3298329656037 30.2329951475462 30.4447027919802 30.6468930863291 31.0795334215566 31.2950967766116 31.0204870869876 31.722854811606 32.4698565913725 32.3592965534128 31.5834505118354 31.9575359715151 32.2658398445552 -9999 32.9791730405482 33.5067733282269 33.5070918291853 34.2588887986008 34.7943288153995 34.9431304998136 34.8199177316696 34.6730409848606 35.5271410193595 36.369092318382 36.3784725679169 36.3543499446401 36.4890717879184 36.2876912856939 36.2840323343559 36.1103166726104 35.6696691733197 35.3018229812164 34.8626052440205 34.9846215270204 34.7437732248006 34.1836610210697 34.0529446194128 33.7644921435024 33.5070731496391 32.3879049148461 32.0511450650523 31.2647661114723 31.0169485982072 31.0955350179458 31.0839465107383 31.1215259630105 31.0012886952948 30.9599345651205 30.9182273275265 30.8014166539134 30.487714990548 30.0247581077366 29.8906814087426 29.6314674973459 29.6005479451775 29.5259837828274 29.4263622906366 -9999 -9999 -9999 -9999 -9999
30.3389502677484 30.5194857654374 30.5360982765263 30.4252635667287 30.5027300645959 30.5715115043376 30.8170175404714 30.8388497547402 30.4908510919964 30.7495913780029 31.5225216842351 31.6048013024029 31.4041729427747 31.8072160401738 32.2230083456942 32.5751705845861 33.3271994189855 34.0676710517381 34.4455711512218 35.0738669231354 35.6522925068798 35.7851788459295 35.6428727367225 35.0917326507679 35.9811464996939 36.8154762223384 36.7810560382814 36.7752942159713 36.8653386023836 36.6094481864801 36.4830876588084 36.2955117199539 35.803350195552 35.3430794918882 34.785920072359 34.7793515759752 34.3843788317102 33.2379211028328 32.8736500391575 32.4015443762838 32.1468923779654 31.7254028181342 31.6266716284486 31.2335952734144 31.0694637379842 31.1003170970576 31.1067593640779 31.1601555534247 31.0003774281162 30.9533642059262 30.9054552764811 30.8265260922759 30.5999385251422 30.2503806728155 -9999 29.6857588904481 29.4752293728304 29.2207059444382 29.105655217162 -9999 -9999 28.8115089346081 -9999 -9999
30.4127262413611 30.6621022254196 30.6994048666255 30.5613175398208 30.6264780452071 30.6491309091128 30.9638881028891 31.0357439414371 30.6831008478368 30.8010921102419 31.3590007613754 31.6711999962107 31.8517435954527 32.1004316371927 32.4638569551562 32.8896768657482 33.7923577779739 34.8109224309082 35.214313054656 35.492389245609 35.8317820107454 36.1209446872391 36.2901395950719 35.827277831042 36.4676214969401 37.4163934359322 37.414059085863 37.2319743573065 37.4119714534682 36.837152466453 36.5094681607478 36.2047832773615 35.6371727581378 35.0979349978393 34.6717771187191 34.7283798955462 34.317908330138 33.1516242726829 32.6789374479988 31.977950705043 31.6527545203429 31.2411319252819 31.2411491306056 31.0169169266716 30.982651646925 31.061554451868 31.0624392274223 31.075092919314 30.9623763387649 -9999 30.8719310782774 30.791176121849 30.6681517606571 30.3919372881071 -9999 -9999 -9999 -9999 29.0784797056027 28.9675403857338 28.9033369390164 28.8518103692512 -9999 -9999
31.5776443151527 31.6747252422752 31.7978138811155 31.664860194476 31.5398582456579 31.3831364830864 31.4048529576857 31.280948889362 30.995457647432 30.8395137102191 31.2720863860997 31.9458116502478 32.1627552153718 32.343656721132 32.6497358307105 33.0770791553509 33.9277919017111 34.8906701581623 35.2102121573419 35.2944641876982 35.5207295400532 35.7704490951794 36.0546076210165 35.5848042986876 35.7454725325902 36.014099909025 36.3653359393101 36.0476841631566 36.2967063358203 36.2366023097161 36.1399046318203 35.9016360402945 35.331636015668 34.7478760081025 34.4042925079324 34.4671825063572 33.9972414800942 32.895835760131 32.6127343053436 31.959181930238 31.7213298851448 31.3471733319207 31.3519490570973 31.1222096543629 31.0214868520148 30.9974291630586 30.9495869598401 30.9684704317169 30.8486439440151 30.7202130056238 30.6464127816942 30.5385828005932 30.3052210449647 30.1425162752442 -9999 -9999 -9999 -9999 29.0380046329096 28.9288658000186 28.8763269025937 -9999 -9999 -9999
31.7597087497889 31.1564870551031 31.5479010129613 31.666224605711 31.4301960763536 31.3156161801836 31.2925016734429 31.3356820052175 31.5116508347427 31.1976001716979 31.3263501980515 32.157559738764 32.3409177491602 32.3916613775016 32.5937255765254 32.9922949785564 33.8443382464368 34.8969950540157 34.9840710132341 34.9177697244551 34.9569115442394 35.0373095381625 35.2591502465553 34.7424478674859 34.569867466152 34.249149228518 34.5104828699316 34.7842772865355 35.0376627099294 35.2152422963273 35.2832813631771 35.0238826236925 34.9287050104117 34.5180633293997 34.0775235260914 34.0736653150888 33.6397107972785 32.8257007002718 32.4547649493678 31.9408330367653 31.6823513506145 31.3054510575371 31.3123988312774 31.093806859296 30.9628052566357 30.9552306285414 30.9213514734941 30.9670601074506 30.9404668530111 30.83338006162 30.740397371729 30.5608450222204 30.4420608070568 30.3836832116499 -9999 -9999 -9999 28.9807502502472 28.9624754215702 28.8659367105669 28.8293214353463 -9999 -9999 -9999
32.6267805540981 31.4301188934847 31.218996662219 31.1805620742301 30.9917263083362 31.1130584345973 30.5578451408489 30.6396283266908 31.1073311969729 31.0413370370048 31.2981523984629 32.1541180668597 32.3342167621183 32.2760542664329 32.3746114753693 32.7032152736435 33.4534005571103 34.4341904670658 34.3430177358136 34.2898063198169 34.4667863982428 34.666093043392 34.8897741332407 34.783111369689 34.8164335183444 34.9291646728402 35.2918563382458 35.3610553877334 35.4862104626975 35.5902995956774 35.4445745322543 35.2751223859705 35.1089802887224 34.7237496127196 34.2148310467664 34.06875989617 33.6605364574538 32.8037943297724 32.3618629107676 31.7354439657693 31.4319517563492 31.0449246230542 30.9746570968822 30.8655770095084 30.7062603545267 -9999 30.7628588558883 30.7808046336416 30.9505774462673 30.8254793873405 30.7532054479292 -9999 30.5209349825417 30.5712309012784 -9999 -9999 -9999 -9999 28.80306414352 28.7469547090298 -9999 -9999 -9999 -9999
-9999 29.6446194237091 29.8172834759596 29.8156580639437 29.8936604111735 30.0477485762349 29.8840188713466 30.3238901307563 30.6320163691368 30.559820721012 30.6922107187965 31.9460778566691 32.2261829443032 32.1218627785955 32.1585933831643 32.3782326248945 33.0503189849976 34.3266565266686 34.1662922162924 34.3955081228763 34.6860852850887 34.8341489473409 35.0491122854225 35.1625521494029 35.2403953584157 35.8536463465545 36.0637259437753 35.8550728880193 35.8604058229884 35.9156782765616 35.7396570062956 35.6553858801663 35.3455387135097 34.7657468325574 34.1393372977652 33.9765500219266 -9999 -9999 -9999 -9999 -9999 31.0472836217626 31.0142380905344 30.9473806711338 30.8433046712632 -9999 -9999 -9999 -9999 -9999 -9999 -9999 30.3902335163273 30.4729114987759 30.4155897969863 29.8497842240296 -9999 -9999 -9999 -9999 -9999 -9999 -9999 -9999
-9999 29.9456646298499 30.1932964808289 30.2458833635382 30.2968856435897 30.5220363263432 30.4653147569446 30.804397829389 30.9988470908212 30.8125556816634 30.9926873906463 32.368378763721 32.5085500549044 32.2902751342006 32.2415382881071 32.3841867518137 32.9616552555232 34.7486816003485 35.4052680484798 36.0284644342222 36.0370003169738 35.7512553634438 35.8053066739476 35.9052094484218 35.8148875660531 36.3743979306266 36.4145476556129 35.8630579042891 35.8330426534958 35.8899559506557 35.6930889569979 35.6635816817285 35.3466960121133 34.7459304553596 34.1357171840586 33.9316363048318 33.6136196642437 32.8846159174616 32.3303665056427 31.5499562492406 31.251229037503 31.0467311136907 30.9835296564186 -9999 -9999 -9999 -9999 -9999 -9999 -9999 -9999 -9999 30.1025815073529 30.0862684172895 30.0502718619376 -9999 -9999 -9999 -9999 -9999 -9999 -9999 -9999 -9999
-9999 30.479555079691 30.983491540023 31.0846123777941 31.2035242914872 31.5883779979206 31.7283713554408 31.9646500485716 32.0994877401386 31.8610625162848 31.7853781179163 33.0165576894604 33.0631553811263 32.8159860563286 32.7241313419196 32.8900602709049 33.4722320862613 35.3607614896617 36.6235650849837 37.4166082686776 37.097044623968 36.702655198954 36.5748861372336 36.4380678940867 36.1157181057553 35.6132006466237 35.6712232228793 35.3066992530428 35.2759406533636 35.3213778104409 35.2307973682989 35.3258812967707 35.1970141123864 34.7816403958759 34.2525220371744 33.9725675976733 33.6126972650256 33.284487773716 32.7054269731603 31.6427469504131 31.0920401311836 -9999 -9999 -9999 30.0828511579728 -9999 -9999 30.093591419399 30.6938859610206 -9999 -9999 -9999 -9999 -9999 -9999 -9999 -9999 -9999 -9999 -9999 -9999 -9999 -9999 -9999
-9999 31.2864404918889 31.6999349527568 31.7327387809566 31.7834272383015 32.1088623249646 32.3143579529488 32.7004823161091 33.0334821252262 33.0758320767968 33.4903461257782 34.2435691556799 34.2269619480308 33.8573388766153 33.6235079036635 33.7136660192425 34.1885275125189 35.4067226277404 36.2671220025673 37.1723954143015 37.0947795327357 36.8210718340662 36.6710887205538 36.3872297163189 35.7667077303385 33.2286030537521 34.1714525407922 34.3047948272233 34.4498546628621 34.6278910656801 34.6278688135509 34.9895609698522 35.1558821726258 34.8508111021496 34.3515880078347 34.2414746425714 33.9943146946083 33.8471016580801 33.3033107009878 32.7299201480611 32.9450509170427 33.0711594739734 -9999 -9999 -9999 -9999 -9999 -9999 -9999 -9999 -9999 -9999 -9999 -9999 -9999 -9999 -9999 -9999 -9999 -9999 -9999 -9999 -9999 -9999
